       CC Energy   Energy Decrease   Residual Norm
=================================================== /project1/nike/O/fc/5z
 1   -75.00093443    1.7675E-10        0.03914435
 2   -75.00090062    0.00003381        0.00686001
 3   -75.00097736    0.00007674        0.00235297
 4   -75.00101448    0.00003712        0.00074594
 5   -75.00101693    0.00000245        0.00021657
 6   -75.00101788    0.00000095        0.00008995
 7   -75.00101836    0.00000048        0.00004241
 8   -75.00101858    0.00000022        0.00002391
 9   -75.00101871    0.00000013        0.00001288
10   -75.00101879    0.00000007        0.00000615 Converged to 0.1 uH
11   -75.00101879    0.00000001        0.00000275
12   -75.00101878    0.00000001        0.00000111
13   -75.00101877    0.00000001        0.00000049 Converged to 0.01 uH
14   -75.00101877    1.2460E-09        0.00000021
15   -75.00101877    5.1142E-10        0.00000009 CCtol=7
===================================================
