LI:cc-pCV5Z
EMSL BASIS SET LIBRARY

  6
    0    1    2    3    4    5  
   10    9    7    5    3    1
   18   12    7    5    3    1

  29493.000000   4417.101000   1005.223000    284.700900      92.865430
     33.511790     13.041800      5.357536      2.279338       0.993990
      0.433471      0.095566      0.044657      0.020633      27.855800
     12.508200      5.616600      2.522100      

 0.000018   -0.000003    0.000000    0.000000    0.000000    0.000000  0.000000 0.000000  0.000000 0.000000  
 0.000141   -0.000022    0.000000    0.000000    0.000000    0.000000  0.000000 0.000000  0.000000 0.000000  
 0.000739   -0.000115    0.000000    0.000000    0.000000    0.000000  0.000000 0.000000  0.000000 0.000000  
 0.003107   -0.000487    0.000000    0.000000    0.000000    0.000000  0.000000 0.000000  0.000000 0.000000  
 0.011135   -0.001746    0.000000    0.000000    0.000000    0.000000  0.000000 0.000000  0.000000 0.000000  
 0.034670   -0.005520    0.000000    0.000000    0.000000    0.000000  0.000000 0.000000  0.000000 0.000000  
 0.092171   -0.014928    0.000000    0.000000    0.000000    0.000000  0.000000 0.000000  0.000000 0.000000  
 0.199576   -0.034206    0.000000    0.000000    0.000000    0.000000  0.000000 0.000000  0.000000 0.000000  
 0.328836   -0.062155    0.000000    0.000000    0.000000    0.000000  0.000000 0.000000  0.000000 0.000000  
 0.345975   -0.095902    0.000000    0.000000    0.000000    0.000000  0.000000 0.000000  0.000000 0.000000  
 0.142761   -0.103972    1.000000    0.000000    0.000000    0.000000  0.000000 0.000000  0.000000 0.000000  
 0.005319    0.307151    0.000000    1.000000    0.000000    0.000000  0.000000 0.000000  0.000000 0.000000  
-0.002101    0.579028    0.000000    0.000000    1.000000    0.000000  0.000000 0.000000  0.000000 0.000000  
 0.000815    0.223231    0.000000    0.000000    0.000000    1.000000  0.000000 0.000000  0.000000 0.000000  
 0.0         0.0         0.0         0.0         0.0         0.0       1.000000 0.000000  0.000000 0.000000  
 0.0         0.0         0.0         0.0         0.0         0.0       0.0      1.000000  0.000000 0.000000  
 0.0         0.0         0.0         0.0         0.0         0.0       0.0      0.0       1.000000 0.000000    
 0.0         0.0         0.0         0.0         0.0         0.0       0.0      0.0       0.0      1.000000    

    19.663500      4.623110      1.413780      0.473721      0.176151
     0.072675      0.032141      0.014556     29.209500     11.176300
     4.276300      1.636200      

 0.000540    0.000000    0.000000    0.000000    0.000000 0.000000 0.000000 0.000000 0.000000 
 0.003865    0.000000    0.000000    0.000000    0.000000 0.000000 0.000000 0.000000 0.000000 
 0.015171    0.000000    0.000000    0.000000    0.000000 0.000000 0.000000 0.000000 0.000000 
 0.049204    0.000000    0.000000    0.000000    0.000000 0.000000 0.000000 0.000000 0.000000 
 0.154661    1.000000    0.000000    0.000000    0.000000 0.000000 0.000000 0.000000 0.000000 
 0.360095    0.000000    1.000000    0.000000    0.000000 0.000000 0.000000 0.000000 0.000000 
 0.441852    0.000000    0.000000    1.000000    0.000000 0.000000 0.000000 0.000000 0.000000 
 0.156000    0.000000    0.000000    0.000000    1.000000 0.000000 0.000000 0.000000 0.000000 
 0.0         0.0         0.000000    0.000000    0.000000 1.000000 0.000000 0.000000 0.000000 
 0.0         0.0         0.000000    0.000000    0.000000 0.0      1.000000 0.000000 0.000000 
 0.0         0.0         0.000000    0.000000    0.000000 0.0      0.0      1.000000 0.000000 
 0.0         0.0         0.000000    0.000000    0.000000 0.0      0.0      0.0      1.000000 

     0.531000      0.248100      0.115900      0.054200     19.845500
     7.149200      2.575400      

 1.0000000  0.0000000  0.0000000  0.0000000  0.0000000   0.0000000 0.0000000 
 0.0000000  1.0000000  0.0000000  0.0000000  0.0000000   0.0000000 0.0000000 
 0.0000000  0.0000000  1.0000000  0.0000000  0.0000000   0.0000000 0.0000000 
 0.0000000  0.0000000  0.0000000  1.0000000  0.0000000   0.0000000 0.0000000 
 0.0000000  0.0000000  0.0000000  0.0000000  1.0000000   0.0000000 0.0000000 
 0.0000000  0.0000000  0.0000000  0.0000000  0.0000000   1.0000000 0.0000000 
 0.0000000  0.0000000  0.0000000  0.0000000  0.0000000   0.0000000 1.0000000 

     0.292000      0.164100      0.092200     13.250200      4.199100

 1.0000000  0.0000000  0.0000000  0.0000000 0.0000000   
 0.0000000  1.0000000  0.0000000  0.0000000 0.0000000   
 0.0000000  0.0000000  1.0000000  0.0000000 0.0000000   
 0.0000000  0.0000000  0.0000000  1.0000000 0.0000000   
 0.0000000  0.0000000  0.0000000  0.0000000 1.0000000   

    0.297100 0.150000 8.409300 

 1.0000000  0.0000000 0.0000000  
 0.0000000  1.0000000 0.0000000  
 0.0000000  0.0000000 1.0000000  

    0.294900  

 1.0000000  

LI:aug-cc-pCV5Z
EMSL BASIS SET LIBRARY

  6
    0    1    2    3    4    5  
   11   10    8    6    4    2
   19   13    8    6    4    2

  29493.000000   4417.101000   1005.223000    284.700900      92.865430
     33.511790     13.041800      5.357536      2.279338       0.993990
      0.433471      0.095566      0.044657      0.020633      27.855800
     12.508200      5.616600      2.522100      0.006100

 0.000018   -0.000003    0.000000    0.000000    0.000000    0.000000  0.000000 0.000000  0.000000 0.000000  0.000000
 0.000141   -0.000022    0.000000    0.000000    0.000000    0.000000  0.000000 0.000000  0.000000 0.000000  0.000000
 0.000739   -0.000115    0.000000    0.000000    0.000000    0.000000  0.000000 0.000000  0.000000 0.000000  0.000000
 0.003107   -0.000487    0.000000    0.000000    0.000000    0.000000  0.000000 0.000000  0.000000 0.000000  0.000000
 0.011135   -0.001746    0.000000    0.000000    0.000000    0.000000  0.000000 0.000000  0.000000 0.000000  0.000000
 0.034670   -0.005520    0.000000    0.000000    0.000000    0.000000  0.000000 0.000000  0.000000 0.000000  0.000000
 0.092171   -0.014928    0.000000    0.000000    0.000000    0.000000  0.000000 0.000000  0.000000 0.000000  0.000000
 0.199576   -0.034206    0.000000    0.000000    0.000000    0.000000  0.000000 0.000000  0.000000 0.000000  0.000000
 0.328836   -0.062155    0.000000    0.000000    0.000000    0.000000  0.000000 0.000000  0.000000 0.000000  0.000000
 0.345975   -0.095902    0.000000    0.000000    0.000000    0.000000  0.000000 0.000000  0.000000 0.000000  0.000000
 0.142761   -0.103972    1.000000    0.000000    0.000000    0.000000  0.000000 0.000000  0.000000 0.000000  0.000000
 0.005319    0.307151    0.000000    1.000000    0.000000    0.000000  0.000000 0.000000  0.000000 0.000000  0.000000
-0.002101    0.579028    0.000000    0.000000    1.000000    0.000000  0.000000 0.000000  0.000000 0.000000  0.000000
 0.000815    0.223231    0.000000    0.000000    0.000000    1.000000  0.000000 0.000000  0.000000 0.000000  0.000000
 0.0         0.0         0.0         0.0         0.0         0.0       1.000000 0.000000  0.000000 0.000000  0.000000
 0.0         0.0         0.0         0.0         0.0         0.0       0.0      1.000000  0.000000 0.000000  0.000000
 0.0         0.0         0.0         0.0         0.0         0.0       0.0      0.0       1.000000 0.000000  0.000000  
 0.0         0.0         0.0         0.0         0.0         0.0       0.0      0.0       0.0      1.000000  0.000000  
 0.0         0.0         0.0         0.0         0.0         0.0       0.0      0.0       0.0      0.0       1.000000

    19.663500      4.623110      1.413780      0.473721      0.176151
     0.072675      0.032141      0.014556     29.209500     11.176300
     4.276300      1.636200      0.006500

 0.000540    0.000000    0.000000    0.000000    0.000000 0.000000 0.000000 0.000000 0.000000 0.000000 
 0.003865    0.000000    0.000000    0.000000    0.000000 0.000000 0.000000 0.000000 0.000000 0.000000
 0.015171    0.000000    0.000000    0.000000    0.000000 0.000000 0.000000 0.000000 0.000000 0.000000
 0.049204    0.000000    0.000000    0.000000    0.000000 0.000000 0.000000 0.000000 0.000000 0.000000
 0.154661    1.000000    0.000000    0.000000    0.000000 0.000000 0.000000 0.000000 0.000000 0.000000 
 0.360095    0.000000    1.000000    0.000000    0.000000 0.000000 0.000000 0.000000 0.000000 0.000000
 0.441852    0.000000    0.000000    1.000000    0.000000 0.000000 0.000000 0.000000 0.000000 0.000000
 0.156000    0.000000    0.000000    0.000000    1.000000 0.000000 0.000000 0.000000 0.000000 0.000000
 0.0         0.0         0.000000    0.000000    0.000000 1.000000 0.000000 0.000000 0.000000 0.000000
 0.0         0.0         0.000000    0.000000    0.000000 0.0      1.000000 0.000000 0.000000 0.000000 
 0.0         0.0         0.000000    0.000000    0.000000 0.0      0.0      1.000000 0.000000 0.000000 
 0.0         0.0         0.000000    0.000000    0.000000 0.0      0.0      0.0      1.000000 0.000000
 0.0         0.0         0.000000    0.000000    0.000000 0.0      0.0      0.0      0.0      1.000000

     0.531000      0.248100      0.115900      0.054200     19.845500
     7.149200      2.575400      0.023500

 1.0000000  0.0000000  0.0000000  0.0000000  0.0000000   0.0000000 0.0000000 0.0000000
 0.0000000  1.0000000  0.0000000  0.0000000  0.0000000   0.0000000 0.0000000 0.0000000
 0.0000000  0.0000000  1.0000000  0.0000000  0.0000000   0.0000000 0.0000000 0.0000000
 0.0000000  0.0000000  0.0000000  1.0000000  0.0000000   0.0000000 0.0000000 0.0000000
 0.0000000  0.0000000  0.0000000  0.0000000  1.0000000   0.0000000 0.0000000 0.0000000
 0.0000000  0.0000000  0.0000000  0.0000000  0.0000000   1.0000000 0.0000000 0.0000000
 0.0000000  0.0000000  0.0000000  0.0000000  0.0000000   0.0000000 1.0000000 0.0000000
 0.0000000  0.0000000  0.0000000  0.0000000  0.0000000   0.0000000 0.0000000 1.0000000

     0.292000      0.164100      0.092200     13.250200      4.199100
     0.044800

 1.0000000  0.0000000  0.0000000  0.0000000 0.0000000   0.0000000
 0.0000000  1.0000000  0.0000000  0.0000000 0.0000000   0.0000000
 0.0000000  0.0000000  1.0000000  0.0000000 0.0000000   0.0000000
 0.0000000  0.0000000  0.0000000  1.0000000 0.0000000   0.0000000
 0.0000000  0.0000000  0.0000000  0.0000000 1.0000000   0.0000000
 0.0000000  0.0000000  0.0000000  0.0000000 0.0000000   1.0000000

    0.297100 0.150000 8.409300 0.072400

 1.0000000  0.0000000 0.0000000  0.0000000
 0.0000000  1.0000000 0.0000000  0.0000000
 0.0000000  0.0000000 1.0000000  0.0000000
 0.0000000  0.0000000 0.0000000  1.0000000

    0.294900  0.127400

 1.0000000  0.0000000
 0.0000000  1.0000000


LI:aug-cc-pCVQZ
EMSL BASIS SET LIBRARY

  5
    0    1    2    3    4
    9    8    6    4    2
   16   10    6    4    2

  6601.0000000   989.7000000   225.7000000    64.2900000    21.1800000
     7.7240000     3.0030000     1.2120000     0.4930000     0.0951500
     0.0479100     0.0222000     5.6140000     1.8600000     0.6160000
     0.0063600

 0.0001170 -0.0000180  0.0000000  0.0000000  0.0000000  0.0000000  0.0000000 
 0.0000000  0.0000000 
 0.0009110 -0.0001420  0.0000000  0.0000000  0.0000000  0.0000000  0.0000000 
 0.0000000  0.0000000 
 0.0047280 -0.0007410  0.0000000  0.0000000  0.0000000  0.0000000  0.0000000 
 0.0000000  0.0000000 
 0.0191970 -0.0030200  0.0000000  0.0000000  0.0000000  0.0000000  0.0000000 
 0.0000000  0.0000000 
 0.0630470 -0.0101230  0.0000000  0.0000000  0.0000000  0.0000000  0.0000000 
 0.0000000  0.0000000 
 0.1632080 -0.0270940  0.0000000  0.0000000  0.0000000  0.0000000  0.0000000 
 0.0000000  0.0000000 
 0.3148270 -0.0573590  0.0000000  0.0000000  0.0000000  0.0000000  0.0000000 
 0.0000000  0.0000000 
 0.3939360 -0.0938950  0.0000000  0.0000000  0.0000000  0.0000000  0.0000000 
 0.0000000  0.0000000 
 0.1969180 -0.1210910  0.0000000  0.0000000  0.0000000  0.0000000  0.0000000 
 0.0000000  0.0000000 
 0.0099970  0.2766080  1.0000000  0.0000000  0.0000000  0.0000000  0.0000000 
 0.0000000  0.0000000 
-0.0054020  0.5495480  0.0000000  1.0000000  0.0000000  0.0000000  0.0000000 
 0.0000000  0.0000000 
 0.0017040  0.2773850  0.0000000  0.0000000  1.0000000  0.0000000  0.0000000 
 0.0000000  0.0000000 
 0.0000000  0.0000000  0.0000000  0.0000000  0.0000000  1.0000000  0.0000000 
 0.0000000  0.0000000 
 0.0000000  0.0000000  0.0000000  0.0000000  0.0000000  0.0000000  1.0000000 
 0.0000000  0.0000000 
 0.0000000  0.0000000  0.0000000  0.0000000  0.0000000  0.0000000  0.0000000 
 1.0000000  0.0000000 
 0.0000000  0.0000000  0.0000000  0.0000000  0.0000000  0.0000000  0.0000000 
 0.0000000  1.0000000 

     6.2500000     1.3700000     0.3672000     0.1192000     0.0447400
     0.0179500     9.7850000     2.5930000     0.6870000     0.0075600

 0.0033880  0.0000000  0.0000000  0.0000000  0.0000000  0.0000000  0.0000000 
 0.0000000 
 0.0193160  0.0000000  0.0000000  0.0000000  0.0000000  0.0000000  0.0000000 
 0.0000000 
 0.0791040  0.0000000  0.0000000  0.0000000  0.0000000  0.0000000  0.0000000 
 0.0000000 
 0.2740950  1.0000000  0.0000000  0.0000000  0.0000000  0.0000000  0.0000000 
 0.0000000 
 0.5194880  0.0000000  1.0000000  0.0000000  0.0000000  0.0000000  0.0000000 
 0.0000000 
 0.2844230  0.0000000  0.0000000  1.0000000  0.0000000  0.0000000  0.0000000 
 0.0000000 
 0.0000000  0.0000000  0.0000000  0.0000000  1.0000000  0.0000000  0.0000000 
 0.0000000 
 0.0000000  0.0000000  0.0000000  0.0000000  0.0000000  1.0000000  0.0000000 
 0.0000000 
 0.0000000  0.0000000  0.0000000  0.0000000  0.0000000  0.0000000  1.0000000 
 0.0000000 
 0.0000000  0.0000000  0.0000000  0.0000000  0.0000000  0.0000000  0.0000000 
 1.0000000 

     0.3440000     0.1530000     0.0680000    10.6020000     3.0660000
     0.0266000

 1.0000000  0.0000000  0.0000000  0.0000000  0.0000000  0.0000000 
 0.0000000  1.0000000  0.0000000  0.0000000  0.0000000  0.0000000 
 0.0000000  0.0000000  1.0000000  0.0000000  0.0000000  0.0000000 
 0.0000000  0.0000000  0.0000000  1.0000000  0.0000000  0.0000000 
 0.0000000  0.0000000  0.0000000  0.0000000  1.0000000  0.0000000 
 0.0000000  0.0000000  0.0000000  0.0000000  0.0000000  1.0000000 

     0.2460000     0.1292000     6.6830000     0.0552000

 1.0000000  0.0000000  0.0000000  0.0000000 
 0.0000000  1.0000000  0.0000000  0.0000000 
 0.0000000  0.0000000  1.0000000  0.0000000 
 0.0000000  0.0000000  0.0000000  1.0000000 

     0.2380000     0.1050000

 1.0000000  0.0000000 
 0.0000000  1.0000000 

LI:aug-cc-pCV8Zi
k and l functions still to optimize

 7
    0  1  2  3 4  5 6 
   18 16 14 12 10 8 6 
   30 19 14 12 10 8 6 

721032.000000     112618.000000     26173.300000     7582.040000     2531.320000     932.372000     370.271000     156.121000     69.053200     31.783500     15.132600     7.410660     3.711550     1.896800     0.991891     0.530654     0.285640     0.120534     0.061739     0.031807     0.016320     0.007200     0.003600     128.289000     70.566000     38.815200     21.350500     11.743900     6.459800     3.553300     

0.000000    0.000000 0.0 0.0 0.0 0.0 0.0 0.0 0.0 0.0 0.0 0.0 0.0 0.0 0.0 0.0 0.0 0.0
0.000002    0.000000 0.0 0.0 0.0 0.0 0.0 0.0 0.0 0.0 0.0 0.0 0.0 0.0 0.0 0.0 0.0 0.0
0.000012    0.000002 0.0 0.0 0.0 0.0 0.0 0.0 0.0 0.0 0.0 0.0 0.0 0.0 0.0 0.0 0.0 0.0
0.000051    0.000008 0.0 0.0 0.0 0.0 0.0 0.0 0.0 0.0 0.0 0.0 0.0 0.0 0.0 0.0 0.0 0.0
0.000180    0.000028 0.0 0.0 0.0 0.0 0.0 0.0 0.0 0.0 0.0 0.0 0.0 0.0 0.0 0.0 0.0 0.0
0.000575    0.000090 0.0 0.0 0.0 0.0 0.0 0.0 0.0 0.0 0.0 0.0 0.0 0.0 0.0 0.0 0.0 0.0
0.001690    0.000264 0.0 0.0 0.0 0.0 0.0 0.0 0.0 0.0 0.0 0.0 0.0 0.0 0.0 0.0 0.0 0.0
0.004632    0.000727 0.0 0.0 0.0 0.0 0.0 0.0 0.0 0.0 0.0 0.0 0.0 0.0 0.0 0.0 0.0 0.0
0.011915    0.001874 0.0 0.0 0.0 0.0 0.0 0.0 0.0 0.0 0.0 0.0 0.0 0.0 0.0 0.0 0.0 0.0
0.028587    0.004548 0.0 0.0 0.0 0.0 0.0 0.0 0.0 0.0 0.0 0.0 0.0 0.0 0.0 0.0 0.0 0.0
0.062794    0.010139 0.0 0.0 0.0 0.0 0.0 0.0 0.0 0.0 0.0 0.0 0.0 0.0 0.0 0.0 0.0 0.0
0.122454    0.020472 0.0 0.0 0.0 0.0 0.0 0.0 0.0 0.0 0.0 0.0 0.0 0.0 0.0 0.0 0.0 0.0
0.204268    0.035961 0.0 0.0 0.0 0.0 0.0 0.0 0.0 0.0 0.0 0.0 0.0 0.0 0.0 0.0 0.0 0.0
0.275910    0.055288 0.0 0.0 0.0 0.0 0.0 0.0 0.0 0.0 0.0 0.0 0.0 0.0 0.0 0.0 0.0 0.0
0.000000    0.0      1.0 0.0 0.0 0.0 0.0 0.0 0.0 0.0 0.0 0.0 0.0 0.0 0.0 0.0 0.0 0.0
0.000000    0.0      0.0 1.0 0.0 0.0 0.0 0.0 0.0 0.0 0.0 0.0 0.0 0.0 0.0 0.0 0.0 0.0
0.000000    0.0      0.0 0.0 1.0 0.0 0.0 0.0 0.0 0.0 0.0 0.0 0.0 0.0 0.0 0.0 0.0 0.0
0.000000    0.0      0.0 0.0 0.0 1.0 0.0 0.0 0.0 0.0 0.0 0.0 0.0 0.0 0.0 0.0 0.0 0.0
0.000000    0.0      0.0 0.0 0.0 0.0 1.0 0.0 0.0 0.0 0.0 0.0 0.0 0.0 0.0 0.0 0.0 0.0
0.000000    0.0      0.0 0.0 0.0 0.0 0.0 1.0 0.0 0.0 0.0 0.0 0.0 0.0 0.0 0.0 0.0 0.0
0.000000    0.0      0.0 0.0 0.0 0.0 0.0 0.0 1.0 0.0 0.0 0.0 0.0 0.0 0.0 0.0 0.0 0.0
0.000000    0.0      0.0 0.0 0.0 0.0 0.0 0.0 0.0 1.0 0.0 0.0 0.0 0.0 0.0 0.0 0.0 0.0
0.000000    0.0      0.0 0.0 0.0 0.0 0.0 0.0 0.0 0.0 1.0 0.0 0.0 0.0 0.0 0.0 0.0 0.0
0.000000    0.0      0.0 0.0 0.0 0.0 0.0 0.0 0.0 0.0 0.0 1.0 0.0 0.0 0.0 0.0 0.0 0.0
0.000000    0.0      0.0 0.0 0.0 0.0 0.0 0.0 0.0 0.0 0.0 0.0 1.0 0.0 0.0 0.0 0.0 0.0
0.000000    0.0      0.0 0.0 0.0 0.0 0.0 0.0 0.0 0.0 0.0 0.0 0.0 1.0 0.0 0.0 0.0 0.0
0.000000    0.0      0.0 0.0 0.0 0.0 0.0 0.0 0.0 0.0 0.0 0.0 0.0 0.0 1.0 0.0 0.0 0.0
0.000000    0.0      0.0 0.0 0.0 0.0 0.0 0.0 0.0 0.0 0.0 0.0 0.0 0.0 0.0 1.0 0.0 0.0
0.000000    0.0      0.0 0.0 0.0 0.0 0.0 0.0 0.0 0.0 0.0 0.0 0.0 0.0 0.0 0.0 1.0 0.0
0.000000    0.0      0.0 0.0 0.0 0.0 0.0 0.0 0.0 0.0 0.0 0.0 0.0 0.0 0.0 0.0 0.0 1.0

  95.448000    22.383000    7.196620    2.681930    1.071410    0.444741    0.195911    0.091852    0.045185    0.022925    0.011605    0.005700    96.967700    53.337600    29.338600    16.137800    8.876700    4.882700    2.685700    

 0.000036 0.0 0.0 0.0 0.0 0.0 0.0 0.0 0.0 0.0 0.0 0.0 0.0 0.0 0.0 0.0   
 0.000318 0.0 0.0 0.0 0.0 0.0 0.0 0.0 0.0 0.0 0.0 0.0 0.0 0.0 0.0 0.0 
 0.001661 0.0 0.0 0.0 0.0 0.0 0.0 0.0 0.0 0.0 0.0 0.0 0.0 0.0 0.0 0.0 
 0.005951 0.0 0.0 0.0 0.0 0.0 0.0 0.0 0.0 0.0 0.0 0.0 0.0 0.0 0.0 0.0 
 0.000000 1.0 0.0 0.0 0.0 0.0 0.0 0.0 0.0 0.0 0.0 0.0 0.0 0.0 0.0 0.0 
 0.000000 0.0 1.0 0.0 0.0 0.0 0.0 0.0 0.0 0.0 0.0 0.0 0.0 0.0 0.0 0.0 
 0.000000 0.0 0.0 1.0 0.0 0.0 0.0 0.0 0.0 0.0 0.0 0.0 0.0 0.0 0.0 0.0 
 0.000000 0.0 0.0 0.0 1.0 0.0 0.0 0.0 0.0 0.0 0.0 0.0 0.0 0.0 0.0 0.0 
 0.000000 0.0 0.0 0.0 0.0 1.0 0.0 0.0 0.0 0.0 0.0 0.0 0.0 0.0 0.0 0.0 
 0.000000 0.0 0.0 0.0 0.0 0.0 1.0 0.0 0.0 0.0 0.0 0.0 0.0 0.0 0.0 0.0 
 0.000000 0.0 0.0 0.0 0.0 0.0 0.0 1.0 0.0 0.0 0.0 0.0 0.0 0.0 0.0 0.0 
 0.000000 0.0 0.0 0.0 0.0 0.0 0.0 0.0 1.0 0.0 0.0 0.0 0.0 0.0 0.0 0.0 
 0.000000 0.0 0.0 0.0 0.0 0.0 0.0 0.0 0.0 1.0 0.0 0.0 0.0 0.0 0.0 0.0 
 0.000000 0.0 0.0 0.0 0.0 0.0 0.0 0.0 0.0 0.0 1.0 0.0 0.0 0.0 0.0 0.0 
 0.000000 0.0 0.0 0.0 0.0 0.0 0.0 0.0 0.0 0.0 0.0 1.0 0.0 0.0 0.0 0.0 
 0.000000 0.0 0.0 0.0 0.0 0.0 0.0 0.0 0.0 0.0 0.0 0.0 1.0 0.0 0.0 0.0 
 0.000000 0.0 0.0 0.0 0.0 0.0 0.0 0.0 0.0 0.0 0.0 0.0 0.0 1.0 0.0 0.0 
 0.000000 0.0 0.0 0.0 0.0 0.0 0.0 0.0 0.0 0.0 0.0 0.0 0.0 0.0 1.0 0.0 
 0.000000 0.0 0.0 0.0 0.0 0.0 0.0 0.0 0.0 0.0 0.0 0.0 0.0 0.0 0.0 1.0 

 1.265100     0.695900     0.382800     0.210500     0.115800     0.063700     0.035000     0.019300     72.046200     38.504100     20.578000     10.997600     5.877500     3.141200     

1.0 0.0 0.0 0.0 0.0 0.0 0.0 0.0 0.0 0.0 0.0 0.0 0.0 0.0 
0.0 1.0 0.0 0.0 0.0 0.0 0.0 0.0 0.0 0.0 0.0 0.0 0.0 0.0 
0.0 0.0 1.0 0.0 0.0 0.0 0.0 0.0 0.0 0.0 0.0 0.0 0.0 0.0 
0.0 0.0 0.0 1.0 0.0 0.0 0.0 0.0 0.0 0.0 0.0 0.0 0.0 0.0 
0.0 0.0 0.0 0.0 1.0 0.0 0.0 0.0 0.0 0.0 0.0 0.0 0.0 0.0 
0.0 0.0 0.0 0.0 0.0 1.0 0.0 0.0 0.0 0.0 0.0 0.0 0.0 0.0 
0.0 0.0 0.0 0.0 0.0 0.0 1.0 0.0 0.0 0.0 0.0 0.0 0.0 0.0 
0.0 0.0 0.0 0.0 0.0 0.0 0.0 1.0 0.0 0.0 0.0 0.0 0.0 0.0 
0.0 0.0 0.0 0.0 0.0 0.0 0.0 0.0 1.0 0.0 0.0 0.0 0.0 0.0 
0.0 0.0 0.0 0.0 0.0 0.0 0.0 0.0 0.0 1.0 0.0 0.0 0.0 0.0 
0.0 0.0 0.0 0.0 0.0 0.0 0.0 0.0 0.0 0.0 1.0 0.0 0.0 0.0 
0.0 0.0 0.0 0.0 0.0 0.0 0.0 0.0 0.0 0.0 0.0 1.0 0.0 0.0 
0.0 0.0 0.0 0.0 0.0 0.0 0.0 0.0 0.0 0.0 0.0 0.0 1.0 0.0 
0.0 0.0 0.0 0.0 0.0 0.0 0.0 0.0 0.0 0.0 0.0 0.0 0.0 1.0 

 1.244900 0.684800 0.376700 0.207200 0.114000 0.062700 0.034500 53.912100 27.496000 14.023300 7.152100 3.647700

1.0 0.0 0.0 0.0 0.0 0.0 0.0 0.0 0.0 0.0 0.0 0.0
0.0 1.0 0.0 0.0 0.0 0.0 0.0 0.0 0.0 0.0 0.0 0.0
0.0 0.0 1.0 0.0 0.0 0.0 0.0 0.0 0.0 0.0 0.0 0.0
0.0 0.0 0.0 1.0 0.0 0.0 0.0 0.0 0.0 0.0 0.0 0.0
0.0 0.0 0.0 0.0 1.0 0.0 0.0 0.0 0.0 0.0 0.0 0.0
0.0 0.0 0.0 0.0 0.0 1.0 0.0 0.0 0.0 0.0 0.0 0.0
0.0 0.0 0.0 0.0 0.0 0.0 1.0 0.0 0.0 0.0 0.0 0.0
0.0 0.0 0.0 0.0 0.0 0.0 0.0 1.0 0.0 0.0 0.0 0.0
0.0 0.0 0.0 0.0 0.0 0.0 0.0 0.0 1.0 0.0 0.0 0.0
0.0 0.0 0.0 0.0 0.0 0.0 0.0 0.0 0.0 1.0 0.0 0.0
0.0 0.0 0.0 0.0 0.0 0.0 0.0 0.0 0.0 0.0 1.0 0.0
0.0 0.0 0.0 0.0 0.0 0.0 0.0 0.0 0.0 0.0 0.0 1.0

 1.118600     0.615300     0.338500     0.186200     0.102400     0.056300     39.214700     18.625300     8.846200     4.201600     

1.0 0.0 0.0 0.0 0.0 0.0 0.0 0.0 0.0 0.0
0.0 1.0 0.0 0.0 0.0 0.0 0.0 0.0 0.0 0.0
0.0 0.0 1.0 0.0 0.0 0.0 0.0 0.0 0.0 0.0
0.0 0.0 0.0 1.0 0.0 0.0 0.0 0.0 0.0 0.0
0.0 0.0 0.0 0.0 1.0 0.0 0.0 0.0 0.0 0.0
0.0 0.0 0.0 0.0 0.0 1.0 0.0 0.0 0.0 0.0
0.0 0.0 0.0 0.0 0.0 0.0 1.0 0.0 0.0 0.0
0.0 0.0 0.0 0.0 0.0 0.0 0.0 1.0 0.0 0.0
0.0 0.0 0.0 0.0 0.0 0.0 0.0 0.0 1.0 0.0
0.0 0.0 0.0 0.0 0.0 0.0 0.0 0.0 0.0 1.0

 0.803600     0.442100     0.243200     0.133700     0.073600     28.413500     12.271500     5.299900     

1.0 0.0 0.0 0.0 0.0 0.0 0.0 0.0 
0.0 1.0 0.0 0.0 0.0 0.0 0.0 0.0
0.0 0.0 1.0 0.0 0.0 0.0 0.0 0.0
0.0 0.0 0.0 1.0 0.0 0.0 0.0 0.0
0.0 0.0 0.0 0.0 1.0 0.0 0.0 0.0
0.0 0.0 0.0 0.0 0.0 1.0 0.0 0.0
0.0 0.0 0.0 0.0 0.0 0.0 1.0 0.0
0.0 0.0 0.0 0.0 0.0 0.0 0.0 1.0

 0.576500     0.317100     0.174400     0.095900     20.908200     8.152100     

1.0 0.0 0.0 0.0 0.0 0.0
0.0 1.0 0.0 0.0 0.0 0.0
0.0 0.0 1.0 0.0 0.0 0.0
0.0 0.0 0.0 1.0 0.0 0.0
0.0 0.0 0.0 0.0 1.0 0.0
0.0 0.0 0.0 0.0 0.0 1.0

LI:aug-cc-pCV7Zi
k,Li,0.3320,0.1719

 14
    0    0    1    1    2    2    3    3    4    4    5    5    6    6
    9    6    8    6    7    5    6    4    5    3    4    2    3    1
   19    6   11    6    7    5    6    4    5    3    4    2    3    1

          245172. 35782.1 7999.22 2229.05 715.097
          254.300 98.2097 40.4968 17.5830 7.94333
          3.68942 1.74673 0.839107 0.399736 0.120210
          0.0680452 0.0348770 0.0174420 0.0054

0.00000130 0.00000020 0.0 0.0 0.0 0.0 0.0 0.0 0.0
0.00001044 0.00000163 0.0 0.0 0.0 0.0 0.0 0.0 0.0
0.00005612 0.00000877 0.0 0.0 0.0 0.0 0.0 0.0 0.0
0.00024246 0.00003788 0.0 0.0 0.0 0.0 0.0 0.0 0.0
0.00090369 0.00014136 0.0 0.0 0.0 0.0 0.0 0.0 0.0
0.00299226 0.00046826 0.0 0.0 0.0 0.0 0.0 0.0 0.0
0.00894604 0.00140646 0.0 0.0 0.0 0.0 0.0 0.0 0.0
0.02436390 0.00385493 0.0 0.0 0.0 0.0 0.0 0.0 0.0
0.05971695 0.00962266 0.0 0.0 0.0 0.0 0.0 0.0 0.0
0.12761085 0.02118297 0.0 0.0 0.0 0.0 0.0 0.0 0.0
0.22760455 0.04028382 0.0 0.0 0.0 0.0 0.0 0.0 0.0
0.31591578 0.06437613 0.0 0.0 0.0 0.0 0.0 0.0 0.0
0.0        0.0        1.0 0.0 0.0 0.0 0.0 0.0 0.0
0.0        0.0        0.0 1.0 0.0 0.0 0.0 0.0 0.0
0.0        0.0        0.0 0.0 1.0 0.0 0.0 0.0 0.0
0.0        0.0        0.0 0.0 0.0 1.0 0.0 0.0 0.0
0.0        0.0        0.0 0.0 0.0 0.0 1.0 0.0 0.0
0.0        0.0        0.0 0.0 0.0 0.0 0.0 1.0 0.0
0.0        0.0        0.0 0.0 0.0 0.0 0.0 0.0 1.0

          72.0571 39.6354 21.8016 11.9921 6.5963 3.6283

1.0 0.0 0.0 0.0 0.0 0.0
0.0 1.0 0.0 0.0 0.0 0.0
0.0 0.0 1.0 0.0 0.0 0.0
0.0 0.0 0.0 1.0 0.0 0.0
0.0 0.0 0.0 0.0 1.0 0.0
0.0 0.0 0.0 0.0 0.0 1.0

          57.1550 13.5136 4.32567 1.58025 0.610225
         0.250245 0.110681 0.0519838 0.0253946 0.0124506
         0.0039

0.00008775 0.0 0.0 0.0 0.0 0.0 0.0 0.0
0.00073321 0.0 0.0 0.0 0.0 0.0 0.0 0.0
0.00353008 0.0 0.0 0.0 0.0 0.0 0.0 0.0
0.01153326 0.0 0.0 0.0 0.0 0.0 0.0 0.0
0.00000000 1.0 0.0 0.0 0.0 0.0 0.0 0.0
0.00000000 0.0 1.0 0.0 0.0 0.0 0.0 0.0
0.00000000 0.0 0.0 1.0 0.0 0.0 0.0 0.0
0.00000000 0.0 0.0 0.0 1.0 0.0 0.0 0.0
0.00000000 0.0 0.0 0.0 0.0 1.0 0.0 0.0
0.00000000 0.0 0.0 0.0 0.0 0.0 1.0 0.0
0.00000000 0.0 0.0 0.0 0.0 0.0 0.0 1.0

         78.7240 41.3309 21.6991 11.3923 5.9811 3.1401

1.0 0.0 0.0 0.0 0.0 0.0
0.0 1.0 0.0 0.0 0.0 0.0
0.0 0.0 1.0 0.0 0.0 0.0
0.0 0.0 0.0 1.0 0.0 0.0
0.0 0.0 0.0 0.0 1.0 0.0
0.0 0.0 0.0 0.0 0.0 1.0

         0.9900 0.5445 0.2995 0.1648 0.0906 0.0498 0.0274

1.0 0.0 0.0 0.0 0.0 0.0 0.0
0.0 1.0 0.0 0.0 0.0 0.0 0.0
0.0 0.0 1.0 0.0 0.0 0.0 0.0
0.0 0.0 0.0 1.0 0.0 0.0 0.0
0.0 0.0 0.0 0.0 1.0 0.0 0.0
0.0 0.0 0.0 0.0 0.0 1.0 0.0
0.0 0.0 0.0 0.0 0.0 0.0 1.0

         51.9421 25.1052 12.1341 5.8648 2.8346

1.0 0.0 0.0 0.0 0.0
0.0 1.0 0.0 0.0 0.0
0.0 0.0 1.0 0.0 0.0
0.0 0.0 0.0 1.0 0.0
0.0 0.0 0.0 0.0 1.0

         0.8899 0.4895 0.2692 0.1481 0.0815 0.0448

1.0 0.0 0.0 0.0 0.0 0.0
0.0 1.0 0.0 0.0 0.0 0.0
0.0 0.0 1.0 0.0 0.0 0.0
0.0 0.0 0.0 1.0 0.0 0.0
0.0 0.0 0.0 0.0 1.0 0.0
0.0 0.0 0.0 0.0 0.0 1.0

         36.4855,16.4805,7.4442,3.3626

1.0 0.0 0.0 0.0
0.0 1.0 0.0 0.0
0.0 0.0 1.0 0.0
0.0 0.0 0.0 1.0

         0.6957 0.3827 0.2105 0.1158 0.0639

1.0 0.0 0.0 0.0 0.0
0.0 1.0 0.0 0.0 0.0
0.0 0.0 1.0 0.0 0.0
0.0 0.0 0.0 1.0 0.0
0.0 0.0 0.0 0.0 1.0

         25.5554 10.4854 4.3022

1.0 0.0 0.0
0.0 1.0 0.0
0.0 0.0 1.0

         0.4960 0.2728 0.1501 0.0825

1.0 0.0 0.0 0.0
0.0 1.0 0.0 0.0
0.0 0.0 1.0 0.0
0.0 0.0 0.0 1.0

        18.4523 6.8097

1.0 0.0
0.0 1.0

         0.3922 0.2157 0.1187

1.0 0.0 0.0
0.0 1.0 0.0
0.0 0.0 1.0

       14.8820

1.0

LI:aug-cc-pCV7Zi-ManuallyUnc
k,Li,0.3320,0.1719

 13
    0     1    1    2    2    3    3    4    4    5    5    6    6
    9     8    1    7    5    6    4    5    3    4    2    3    1
   19    11    1    7    5    6    4    5    3    4    2    3    1

          245172. 35782.1 7999.22 2229.05 715.097
          254.300 98.2097 40.4968 17.5830 7.94333
          3.68942 1.74673 0.839107 0.399736 0.120210
          0.0680452 0.0348770 0.0174420 0.0054

0.00000130 0.00000020 0.0 0.0 0.0 0.0 0.0 0.0 0.0
0.00001044 0.00000163 0.0 0.0 0.0 0.0 0.0 0.0 0.0
0.00005612 0.00000877 0.0 0.0 0.0 0.0 0.0 0.0 0.0
0.00024246 0.00003788 0.0 0.0 0.0 0.0 0.0 0.0 0.0
0.00090369 0.00014136 0.0 0.0 0.0 0.0 0.0 0.0 0.0
0.00299226 0.00046826 0.0 0.0 0.0 0.0 0.0 0.0 0.0
0.00894604 0.00140646 0.0 0.0 0.0 0.0 0.0 0.0 0.0
0.02436390 0.00385493 0.0 0.0 0.0 0.0 0.0 0.0 0.0
0.05971695 0.00962266 0.0 0.0 0.0 0.0 0.0 0.0 0.0
0.12761085 0.02118297 0.0 0.0 0.0 0.0 0.0 0.0 0.0
0.22760455 0.04028382 0.0 0.0 0.0 0.0 0.0 0.0 0.0
0.31591578 0.06437613 0.0 0.0 0.0 0.0 0.0 0.0 0.0
0.0        0.0        1.0 0.0 0.0 0.0 0.0 0.0 0.0
0.0        0.0        0.0 1.0 0.0 0.0 0.0 0.0 0.0
0.0        0.0        0.0 0.0 1.0 0.0 0.0 0.0 0.0
0.0        0.0        0.0 0.0 0.0 1.0 0.0 0.0 0.0
0.0        0.0        0.0 0.0 0.0 0.0 1.0 0.0 0.0
0.0        0.0        0.0 0.0 0.0 0.0 0.0 1.0 0.0
0.0        0.0        0.0 0.0 0.0 0.0 0.0 0.0 1.0

          57.1550 13.5136 4.32567 1.58025 0.610225
         0.250245 0.110681 0.0519838 0.0253946 0.0124506
         0.0039

0.00008775 0.0 0.0 0.0 0.0 0.0 0.0 0.0
0.00073321 0.0 0.0 0.0 0.0 0.0 0.0 0.0
0.00353008 0.0 0.0 0.0 0.0 0.0 0.0 0.0
0.01153326 0.0 0.0 0.0 0.0 0.0 0.0 0.0
0.00000000 1.0 0.0 0.0 0.0 0.0 0.0 0.0
0.00000000 0.0 1.0 0.0 0.0 0.0 0.0 0.0
0.00000000 0.0 0.0 1.0 0.0 0.0 0.0 0.0
0.00000000 0.0 0.0 0.0 1.0 0.0 0.0 0.0
0.00000000 0.0 0.0 0.0 0.0 1.0 0.0 0.0
0.00000000 0.0 0.0 0.0 0.0 0.0 1.0 0.0
0.00000000 0.0 0.0 0.0 0.0 0.0 0.0 1.0

        200.0000

1.0

         0.9900 0.5445 0.2995 0.1648 0.0906 0.0498 0.0274

1.0 0.0 0.0 0.0 0.0 0.0 0.0
0.0 1.0 0.0 0.0 0.0 0.0 0.0
0.0 0.0 1.0 0.0 0.0 0.0 0.0
0.0 0.0 0.0 1.0 0.0 0.0 0.0
0.0 0.0 0.0 0.0 1.0 0.0 0.0
0.0 0.0 0.0 0.0 0.0 1.0 0.0
0.0 0.0 0.0 0.0 0.0 0.0 1.0

         51.9421 25.1052 12.1341 5.8648 2.8346

1.0 0.0 0.0 0.0 0.0
0.0 1.0 0.0 0.0 0.0
0.0 0.0 1.0 0.0 0.0
0.0 0.0 0.0 1.0 0.0
0.0 0.0 0.0 0.0 1.0

         0.8899 0.4895 0.2692 0.1481 0.0815 0.0448

1.0 0.0 0.0 0.0 0.0 0.0
0.0 1.0 0.0 0.0 0.0 0.0
0.0 0.0 1.0 0.0 0.0 0.0
0.0 0.0 0.0 1.0 0.0 0.0
0.0 0.0 0.0 0.0 1.0 0.0
0.0 0.0 0.0 0.0 0.0 1.0

         36.4855,16.4805,7.4442,3.3626

1.0 0.0 0.0 0.0
0.0 1.0 0.0 0.0
0.0 0.0 1.0 0.0
0.0 0.0 0.0 1.0

         0.6957 0.3827 0.2105 0.1158 0.0639

1.0 0.0 0.0 0.0 0.0
0.0 1.0 0.0 0.0 0.0
0.0 0.0 1.0 0.0 0.0
0.0 0.0 0.0 1.0 0.0
0.0 0.0 0.0 0.0 1.0

         25.5554 10.4854 4.3022

1.0 0.0 0.0
0.0 1.0 0.0
0.0 0.0 1.0

         0.4960 0.2728 0.1501 0.0825

1.0 0.0 0.0 0.0
0.0 1.0 0.0 0.0
0.0 0.0 1.0 0.0
0.0 0.0 0.0 1.0

        18.4523 6.8097

1.0 0.0
0.0 1.0

         0.3922 0.2157 0.1187

1.0 0.0 0.0
0.0 1.0 0.0
0.0 0.0 1.0

       14.8820

1.0


LI:aug-cc-pCV7Z
k,Li,0.3320,0.1719

 15
    0    0    1    1    2    2    3    3    4    4    5    5    6    6  7
    9    6    8    6    7    5    6    4    5    3    4    2    3    1  2
   19    6   11    6    7    5    6    4    5    3    4    2    3    1  2

          245172. 35782.1 7999.22 2229.05 715.097
          254.300 98.2097 40.4968 17.5830 7.94333
          3.68942 1.74673 0.839107 0.399736 0.120210
          0.0680452 0.0348770 0.0174420 0.0054

0.00000130 0.00000020 0.0 0.0 0.0 0.0 0.0 0.0 0.0
0.00001044 0.00000163 0.0 0.0 0.0 0.0 0.0 0.0 0.0
0.00005612 0.00000877 0.0 0.0 0.0 0.0 0.0 0.0 0.0
0.00024246 0.00003788 0.0 0.0 0.0 0.0 0.0 0.0 0.0
0.00090369 0.00014136 0.0 0.0 0.0 0.0 0.0 0.0 0.0
0.00299226 0.00046826 0.0 0.0 0.0 0.0 0.0 0.0 0.0
0.00894604 0.00140646 0.0 0.0 0.0 0.0 0.0 0.0 0.0
0.02436390 0.00385493 0.0 0.0 0.0 0.0 0.0 0.0 0.0
0.05971695 0.00962266 0.0 0.0 0.0 0.0 0.0 0.0 0.0
0.12761085 0.02118297 0.0 0.0 0.0 0.0 0.0 0.0 0.0
0.22760455 0.04028382 0.0 0.0 0.0 0.0 0.0 0.0 0.0
0.31591578 0.06437613 0.0 0.0 0.0 0.0 0.0 0.0 0.0
0.0        0.0        1.0 0.0 0.0 0.0 0.0 0.0 0.0
0.0        0.0        0.0 1.0 0.0 0.0 0.0 0.0 0.0
0.0        0.0        0.0 0.0 1.0 0.0 0.0 0.0 0.0
0.0        0.0        0.0 0.0 0.0 1.0 0.0 0.0 0.0
0.0        0.0        0.0 0.0 0.0 0.0 1.0 0.0 0.0
0.0        0.0        0.0 0.0 0.0 0.0 0.0 1.0 0.0
0.0        0.0        0.0 0.0 0.0 0.0 0.0 0.0 1.0

          72.0571 39.6354 21.8016 11.9921 6.5963 3.6283

1.0 0.0 0.0 0.0 0.0 0.0
0.0 1.0 0.0 0.0 0.0 0.0
0.0 0.0 1.0 0.0 0.0 0.0
0.0 0.0 0.0 1.0 0.0 0.0
0.0 0.0 0.0 0.0 1.0 0.0
0.0 0.0 0.0 0.0 0.0 1.0

          57.1550 13.5136 4.32567 1.58025 0.610225
         0.250245 0.110681 0.0519838 0.0253946 0.0124506
         0.0039

0.00008775 0.0 0.0 0.0 0.0 0.0 0.0 0.0
0.00073321 0.0 0.0 0.0 0.0 0.0 0.0 0.0
0.00353008 0.0 0.0 0.0 0.0 0.0 0.0 0.0
0.01153326 0.0 0.0 0.0 0.0 0.0 0.0 0.0
0.00000000 1.0 0.0 0.0 0.0 0.0 0.0 0.0
0.00000000 0.0 1.0 0.0 0.0 0.0 0.0 0.0
0.00000000 0.0 0.0 1.0 0.0 0.0 0.0 0.0
0.00000000 0.0 0.0 0.0 1.0 0.0 0.0 0.0
0.00000000 0.0 0.0 0.0 0.0 1.0 0.0 0.0
0.00000000 0.0 0.0 0.0 0.0 0.0 1.0 0.0
0.00000000 0.0 0.0 0.0 0.0 0.0 0.0 1.0

         78.7240 41.3309 21.6991 11.3923 5.9811 3.1401

1.0 0.0 0.0 0.0 0.0 0.0
0.0 1.0 0.0 0.0 0.0 0.0
0.0 0.0 1.0 0.0 0.0 0.0
0.0 0.0 0.0 1.0 0.0 0.0
0.0 0.0 0.0 0.0 1.0 0.0
0.0 0.0 0.0 0.0 0.0 1.0

         0.9900 0.5445 0.2995 0.1648 0.0906 0.0498 0.0274

1.0 0.0 0.0 0.0 0.0 0.0 0.0
0.0 1.0 0.0 0.0 0.0 0.0 0.0
0.0 0.0 1.0 0.0 0.0 0.0 0.0
0.0 0.0 0.0 1.0 0.0 0.0 0.0
0.0 0.0 0.0 0.0 1.0 0.0 0.0
0.0 0.0 0.0 0.0 0.0 1.0 0.0
0.0 0.0 0.0 0.0 0.0 0.0 1.0

         51.9421 25.1052 12.1341 5.8648 2.8346

1.0 0.0 0.0 0.0 0.0
0.0 1.0 0.0 0.0 0.0
0.0 0.0 1.0 0.0 0.0
0.0 0.0 0.0 1.0 0.0
0.0 0.0 0.0 0.0 1.0

         0.8899 0.4895 0.2692 0.1481 0.0815 0.0448

1.0 0.0 0.0 0.0 0.0 0.0
0.0 1.0 0.0 0.0 0.0 0.0
0.0 0.0 1.0 0.0 0.0 0.0
0.0 0.0 0.0 1.0 0.0 0.0
0.0 0.0 0.0 0.0 1.0 0.0
0.0 0.0 0.0 0.0 0.0 1.0

         36.4855,16.4805,7.4442,3.3626

1.0 0.0 0.0 0.0
0.0 1.0 0.0 0.0
0.0 0.0 1.0 0.0
0.0 0.0 0.0 1.0

         0.6957 0.3827 0.2105 0.1158 0.0639

1.0 0.0 0.0 0.0 0.0
0.0 1.0 0.0 0.0 0.0
0.0 0.0 1.0 0.0 0.0
0.0 0.0 0.0 1.0 0.0
0.0 0.0 0.0 0.0 1.0

         25.5554 10.4854 4.3022

1.0 0.0 0.0
0.0 1.0 0.0
0.0 0.0 1.0

         0.4960 0.2728 0.1501 0.0825

1.0 0.0 0.0 0.0
0.0 1.0 0.0 0.0
0.0 0.0 1.0 0.0
0.0 0.0 0.0 1.0

        18.4523 6.8097

1.0 0.0
0.0 1.0

         0.3922 0.2157 0.1187

1.0 0.0 0.0
0.0 1.0 0.0
0.0 0.0 1.0

       14.8820

1.0

         0.3320 0.1719

1.0 0.0
0.0 1.0
