H:aV7Z-FELLER
FELLER

  7
    0    1 2  3 4 5 6
    8    7 6  5 4 3 2
    15   7 6  5 4 3 2

      2762.51614000 1211.85844000 531.61712000 233.20938600 102.30411300 44.87868890 19.68734840 8.63643073 3.78862274 1.66199008 0.72908052 0.31983248 0.14030386 0.06154839 0.01602

0.00002200 0.0 0.0 0.0 0.0 0.0 0.0 0.0
0.00000600 0.0 0.0 0.0 0.0 0.0 0.0 0.0
0.00009440 0.0 0.0 0.0 0.0 0.0 0.0 0.0
0.00017940 0.0 0.0 0.0 0.0 0.0 0.0 0.0
0.00058450 0.0 0.0 0.0 0.0 0.0 0.0 0.0
0.00155910 0.0 0.0 0.0 0.0 0.0 0.0 0.0
0.00438830 0.0 0.0 0.0 0.0 0.0 0.0 0.0
0.01208630 0.0 0.0 0.0 0.0 0.0 0.0 0.0
0.0        1.0 0.0 0.0 0.0 0.0 0.0 0.0
0.0        0.0 1.0 0.0 0.0 0.0 0.0 0.0
0.0        0.0 0.0 1.0 0.0 0.0 0.0 0.0
0.0        0.0 0.0 0.0 1.0 0.0 0.0 0.0
0.0        0.0 0.0 0.0 0.0 1.0 0.0 0.0
0.0        0.0 0.0 0.0 0.0 0.0 1.0 0.0
0.0        0.0 0.0 0.0 0.0 0.0 0.0 1.0

         8.15364800 3.86227500 1.82950800 0.86661400 0.41050300 0.19445000 0.06275

1.0 0.0 0.0 0.0 0.0 0.0 0.0
0.0 1.0 0.0 0.0 0.0 0.0 0.0
0.0 0.0 1.0 0.0 0.0 0.0 0.0
0.0 0.0 0.0 1.0 0.0 0.0 0.0
0.0 0.0 0.0 0.0 1.0 0.0 0.0
0.0 0.0 0.0 0.0 0.0 1.0 0.0
0.0 0.0 0.0 0.0 0.0 0.0 1.0

         6.03483300 3.05695800 1.54850900 0.78440100 0.39734000 0.12792

1.0 0.0 0.0 0.0 0.0 0.0
0.0 1.0 0.0 0.0 0.0 0.0
0.0 0.0 1.0 0.0 0.0 0.0
0.0 0.0 0.0 1.0 0.0 0.0
0.0 0.0 0.0 0.0 1.0 0.0
0.0 0.0 0.0 0.0 0.0 1.0

         5.89474000 2.90294000 1.42959000 0.70402000 0.22769

1.0 0.0 0.0 0.0 0.0
0.0 1.0 0.0 0.0 0.0
0.0 0.0 1.0 0.0 0.0
0.0 0.0 0.0 1.0 0.0
0.0 0.0 0.0 0.0 1.0

         4.62267400 2.17112600 1.01971000 0.34494

1.0 0.0 0.0 0.0
0.0 1.0 0.0 0.0
0.0 0.0 1.0 0.0
0.0 0.0 0.0 1.0

         4.22370600 1.70506000 0.54815

1.0 0.0 0.0
0.0 1.0 0.0
0.0 0.0 1.0

3.41400000 0.87671

1.0 0.0
0.0 1.0

