H:V10Zl-FELLER
FELLER

9
 0   1  2  3  4  5  6  7  8
10   9  8  7  6  5  4  3  2
19   9  8  7  6  5  4  3  2

4274959.8 284894.34 13950.281 3471.9458 1902.5267 623.56338 290.36861 126.50425 44.545793 15.983776 6.0889730 2.4835050 1.0775260 0.4941250 0.2381570 0.1191970 0.0601250 0.0220600 0.0117060

 0.20850302E-08 0.0  0.0  0.0  0.0  0.0  0.0  0.0  0.0  0.0
 0.000000128    0.0  0.0  0.0  0.0  0.0  0.0  0.0  0.0  0.0
 0.000002888    0.0  0.0  0.0  0.0  0.0  0.0  0.0  0.0  0.0
 0.000005798    0.0  0.0  0.0  0.0  0.0  0.0  0.0  0.0  0.0
 0.000017364    0.0  0.0  0.0  0.0  0.0  0.0  0.0  0.0  0.0
 0.000072599    0.0  0.0  0.0  0.0  0.0  0.0  0.0  0.0  0.0
 0.000119279    0.0  0.0  0.0  0.0  0.0  0.0  0.0  0.0  0.0
 0.000528924    0.0  0.0  0.0  0.0  0.0  0.0  0.0  0.0  0.0
 0.002020328    0.0  0.0  0.0  0.0  0.0  0.0  0.0  0.0  0.0
 0.006865600    0.0  0.0  0.0  0.0  0.0  0.0  0.0  0.0  0.0
 0.020853603    1.0  0.0  0.0  0.0  0.0  0.0  0.0  0.0  0.0
 0.055989638    0.0  1.0  0.0  0.0  0.0  0.0  0.0  0.0  0.0
 0.130092115    0.0  0.0  1.0  0.0  0.0  0.0  0.0  0.0  0.0
 0.244889966    0.0  0.0  0.0  1.0  0.0  0.0  0.0  0.0  0.0
 0.332689709    0.0  0.0  0.0  0.0  1.0  0.0  0.0  0.0  0.0
 0.266403372    0.0  0.0  0.0  0.0  0.0  1.0  0.0  0.0  0.0
 0.082526348    0.0  0.0  0.0  0.0  0.0  0.0  1.0  0.0  0.0
 0.002206396    0.0  0.0  0.0  0.0  0.0  0.0  0.0  1.0  0.0
-0.000286369    0.0  0.0  0.0  0.0  0.0  0.0  0.0  0.0  1.0

30.150122 15.390349 7.8561158 4.0102115 2.0470417 1.0449273 0.5333908 0.2722732 0.1389838

 1.0  0.0  0.0  0.0  0.0  0.0  0.0  0.0  0.0
 0.0  1.0  0.0  0.0  0.0  0.0  0.0  0.0  0.0
 0.0  0.0  1.0  0.0  0.0  0.0  0.0  0.0  0.0
 0.0  0.0  0.0  1.0  0.0  0.0  0.0  0.0  0.0
 0.0  0.0  0.0  0.0  1.0  0.0  0.0  0.0  0.0
 0.0  0.0  0.0  0.0  0.0  1.0  0.0  0.0  0.0
 0.0  0.0  0.0  0.0  0.0  0.0  1.0  0.0  0.0
 0.0  0.0  0.0  0.0  0.0  0.0  0.0  1.0  0.0
 0.0  0.0  0.0  0.0  0.0  0.0  0.0  0.0  1.0

34.729594 17.575838 8.8947218 4.5014113 2.2780593 1.1528727 0.5834420 0.2952664

 1.0  0.0  0.0  0.0  0.0  0.0  0.0  0.0
 0.0  1.0  0.0  0.0  0.0  0.0  0.0  0.0
 0.0  0.0  1.0  0.0  0.0  0.0  0.0  0.0
 0.0  0.0  0.0  1.0  0.0  0.0  0.0  0.0
 0.0  0.0  0.0  0.0  1.0  0.0  0.0  0.0
 0.0  0.0  0.0  0.0  0.0  1.0  0.0  0.0
 0.0  0.0  0.0  0.0  0.0  0.0  1.0  0.0
 0.0  0.0  0.0  0.0  0.0  0.0  0.0  1.0

16.883840 9.0325589 4.8322610 2.5851751 1.3830235 0.7398934 0.3958300

 1.0  0.0  0.0  0.0  0.0  0.0  0.0
 0.0  1.0  0.0  0.0  0.0  0.0  0.0
 0.0  0.0  1.0  0.0  0.0  0.0  0.0
 0.0  0.0  0.0  1.0  0.0  0.0  0.0
 0.0  0.0  0.0  0.0  1.0  0.0  0.0
 0.0  0.0  0.0  0.0  0.0  1.0  0.0
 0.0  0.0  0.0  0.0  0.0  0.0  1.0

9.1827775 5.3126124 3.0735636 1.7781823 1.0287512 0.5951747

  1.0  0.0  0.0  0.0  0.0  0.0
  0.0  1.0  0.0  0.0  0.0  0.0
  0.0  0.0  1.0  0.0  0.0  0.0
  0.0  0.0  0.0  1.0  0.0  0.0
  0.0  0.0  0.0  0.0  1.0  0.0
  0.0  0.0  0.0  0.0  0.0  1.0

9.6155582 5.6307069 3.2972460 1.9308110 1.1306500

 1.0  0.0  0.0  0.0  0.0
 0.0  1.0  0.0  0.0  0.0
 0.0  0.0  1.0  0.0  0.0
 0.0  0.0  0.0  1.0  0.0
 0.0  0.0  0.0  0.0  1.0

6.8540732 3.6114556 1.9028994 1.0026500

 1.0  0.0  0.0  0.0
 0.0  1.0  0.0  0.0
 0.0  0.0  1.0  0.0
 0.0  0.0  0.0  1.0

7.3870330 3.7343330 1.8878000

 1.0  0.0  0.0
 0.0  1.0  0.0
 0.0  0.0  1.0

4.5331500  2.2155200

1.0  0.0
0.0  1.0

