H:aV9Z-FELLER
Feller

  9
    0     1    2    3    4 5 6 7 8
    11    9    8    7    6 5 4 3 2
    18    9    8    7    6 5 4 3 2

       284997.23           13941.053           3471.4437           1903.1627           623.29320           290.36042           126.58232           44.692572           16.002336           6.0810380           2.4762650           1.0766620           0.4884070           0.2293090           0.1114810           0.0550120           0.0199860           0.00661

 0.00000013 0.0 0.0 0.0 0.0 0.0 0.0 0.0 0.0 0.0 0.0
 0.00000289 0.0 0.0 0.0 0.0 0.0 0.0 0.0 0.0 0.0 0.0
 0.00000572 0.0 0.0 0.0 0.0 0.0 0.0 0.0 0.0 0.0 0.0
 0.00001753 0.0 0.0 0.0 0.0 0.0 0.0 0.0 0.0 0.0 0.0
 0.00007214 0.0 0.0 0.0 0.0 0.0 0.0 0.0 0.0 0.0 0.0
 0.00012056 0.0 0.0 0.0 0.0 0.0 0.0 0.0 0.0 0.0 0.0
 0.00052484 0.0 0.0 0.0 0.0 0.0 0.0 0.0 0.0 0.0 0.0
 0.00201573 0.0 0.0 0.0 0.0 0.0 0.0 0.0 0.0 0.0 0.0
 0.00686535 1.0 0.0 0.0 0.0 0.0 0.0 0.0 0.0 0.0 0.0
 0.00000000 0.0 1.0 0.0 0.0 0.0 0.0 0.0 0.0 0.0 0.0
 0.00000000 0.0 0.0 1.0 0.0 0.0 0.0 0.0 0.0 0.0 0.0
 0.00000000 0.0 0.0 0.0 1.0 0.0 0.0 0.0 0.0 0.0 0.0
 0.00000000 0.0 0.0 0.0 0.0 1.0 0.0 0.0 0.0 0.0 0.0
 0.00000000 0.0 0.0 0.0 0.0 0.0 1.0 0.0 0.0 0.0 0.0
 0.00000000 0.0 0.0 0.0 0.0 0.0 0.0 1.0 0.0 0.0 0.0
 0.00000000 0.0 0.0 0.0 0.0 0.0 0.0 0.0 1.0 0.0 0.0
 0.00000000 0.0 0.0 0.0 0.0 0.0 0.0 0.0 0.0 1.0 0.0
 0.0000000  0.0 0.0 0.0 0.0 0.0 0.0 0.0 0.0 0.0 1.0

       21.701825            10.296109            4.8848364            2.3175382            1.0995216            0.5216517            0.2474899            0.1174179            0.04174

1.0 0.0 0.0 0.0 0.0 0.0 0.0 0.0 0.0
0.0 1.0 0.0 0.0 0.0 0.0 0.0 0.0 0.0
0.0 0.0 1.0 0.0 0.0 0.0 0.0 0.0 0.0
0.0 0.0 0.0 1.0 0.0 0.0 0.0 0.0 0.0
0.0 0.0 0.0 0.0 1.0 0.0 0.0 0.0 0.0
0.0 0.0 0.0 0.0 0.0 1.0 0.0 0.0 0.0
0.0 0.0 0.0 0.0 0.0 0.0 1.0 0.0 0.0
0.0 0.0 0.0 0.0 0.0 0.0 0.0 1.0 0.0
0.0 0.0 0.0 0.0 0.0 0.0 0.0 0.0 1.0

       18.015632          9.1122145          4.6089116          2.3311639          1.1790908          0.5963781          0.3016450          0.10386

1.0 0.0 0.0 0.0 0.0 0.0 0.0 0.0
0.0 1.0 0.0 0.0 0.0 0.0 0.0 0.0
0.0 0.0 1.0 0.0 0.0 0.0 0.0 0.0
0.0 0.0 0.0 1.0 0.0 0.0 0.0 0.0
0.0 0.0 0.0 0.0 1.0 0.0 0.0 0.0
0.0 0.0 0.0 0.0 0.0 1.0 0.0 0.0
0.0 0.0 0.0 0.0 0.0 0.0 1.0 0.0
0.0 0.0 0.0 0.0 0.0 0.0 0.0 1.0

       15.107851         7.8761055         4.1060133         2.1405688         1.1159327         0.5817640         0.19957

1.0 0.0 0.0 0.0 0.0 0.0 0.0
0.0 1.0 0.0 0.0 0.0 0.0 0.0
0.0 0.0 1.0 0.0 0.0 0.0 0.0
0.0 0.0 0.0 1.0 0.0 0.0 0.0
0.0 0.0 0.0 0.0 1.0 0.0 0.0
0.0 0.0 0.0 0.0 0.0 1.0 0.0
0.0 0.0 0.0 0.0 0.0 0.0 1.0

       8.3774603    4.6929685    2.6289535    1.4727131    0.8249990    0.28657

1.0 0.0 0.0 0.0 0.0 0.0
0.0 1.0 0.0 0.0 0.0 0.0
0.0 0.0 1.0 0.0 0.0 0.0
0.0 0.0 0.0 1.0 0.0 0.0
0.0 0.0 0.0 0.0 1.0 0.0
0.0 0.0 0.0 0.0 0.0 1.0

       7.1115284      4.0718537      2.3314247      1.3349058      0.45046

1.0 0.0 0.0 0.0 0.0
0.0 1.0 0.0 0.0 0.0
0.0 0.0 1.0 0.0 0.0
0.0 0.0 0.0 1.0 0.0
0.0 0.0 0.0 0.0 1.0

       6.0325318   3.0007400   1.4926470   0.56826

1.0 0.0 0.0 0.0
0.0 1.0 0.0 0.0
0.0 0.0 1.0 0.0
0.0 0.0 0.0 1.0

       5.87400            2.94400            0.87987

1.0 0.0 0.0
0.0 1.0 0.0
0.0 0.0 1.0

       3.593434     1.10825

1.0 0.0
0.0 1.0


