LI:aCV6Z-KOPUT
EMSL BASIS SET LIBRARY

  7
    0    1    2    3    4    5  6  
   13   12   10    8    6    4  2
   22   15   10    8    6    4  2

    103207.000000     15664.800000     3600.840000     1026.350000     335.925000     121.409000     47.337200     19.630900     8.547060     3.853030     1.780350     0.837931     0.390527     0.097776     0.044933     0.020602     0.006100     49.390700     26.340100     14.047200     7.491400     3.995100     

0.000004 0.000001 0.0 0.0 0.0 0.0 0.0 0.0 0.0 0.0 0.0 0.0 0.0
0.000029 0.000005 0.0 0.0 0.0 0.0 0.0 0.0 0.0 0.0 0.0 0.0 0.0
0.000149 0.000023 0.0 0.0 0.0 0.0 0.0 0.0 0.0 0.0 0.0 0.0 0.0
0.000627 0.000098 0.0 0.0 0.0 0.0 0.0 0.0 0.0 0.0 0.0 0.0 0.0
0.002274 0.000355 0.0 0.0 0.0 0.0 0.0 0.0 0.0 0.0 0.0 0.0 0.0
0.007358 0.001159 0.0 0.0 0.0 0.0 0.0 0.0 0.0 0.0 0.0 0.0 0.0
0.021450 0.003373 0.0 0.0 0.0 0.0 0.0 0.0 0.0 0.0 0.0 0.0 0.0
0.055599 0.008978 0.0 0.0 0.0 0.0 0.0 0.0 0.0 0.0 0.0 0.0 0.0
0.124328 0.020423 0.0 0.0 0.0 0.0 0.0 0.0 0.0 0.0 0.0 0.0 0.0
0.228994 0.040705 0.0 0.0 0.0 0.0 0.0 0.0 0.0 0.0 0.0 0.0 0.0
0.323811 0.064625 0.0 0.0 0.0 0.0 0.0 0.0 0.0 0.0 0.0 0.0 0.0
0.000000 0.000000 1.0 0.0 0.0 0.0 0.0 0.0 0.0 0.0 0.0 0.0 0.0
0.000000 0.000000 0.0 1.0 0.0 0.0 0.0 0.0 0.0 0.0 0.0 0.0 0.0
0.000000 0.000000 0.0 0.0 1.0 0.0 0.0 0.0 0.0 0.0 0.0 0.0 0.0
0.000000 0.000000 0.0 0.0 0.0 1.0 0.0 0.0 0.0 0.0 0.0 0.0 0.0
0.000000 0.000000 0.0 0.0 0.0 0.0 1.0 0.0 0.0 0.0 0.0 0.0 0.0
0.000000 0.000000 0.0 0.0 0.0 0.0 0.0 1.0 0.0 0.0 0.0 0.0 0.0
0.000000 0.000000 0.0 0.0 0.0 0.0 0.0 0.0 1.0 0.0 0.0 0.0 0.0
0.000000 0.000000 0.0 0.0 0.0 0.0 0.0 0.0 0.0 1.0 0.0 0.0 0.0
0.000000 0.000000 0.0 0.0 0.0 0.0 0.0 0.0 0.0 0.0 1.0 0.0 0.0
0.000000 0.000000 0.0 0.0 0.0 0.0 0.0 0.0 0.0 0.0 0.0 1.0 0.0
0.000000 0.000000 0.0 0.0 0.0 0.0 0.0 0.0 0.0 0.0 0.0 0.0 1.0

        32.644300     7.758170     2.461690     0.869615     0.327205     0.134815     0.059995     0.028101     0.013320     0.003900     51.457700     23.052200     10.327000     4.626300     2.072500     

0.000229 0.0 0.0 0.0 0.0 0.0 0.0 0.0 0.0 0.0 0.0 0.0 
0.001768 0.0 0.0 0.0 0.0 0.0 0.0 0.0 0.0 0.0 0.0 0.0 
0.007560 0.0 0.0 0.0 0.0 0.0 0.0 0.0 0.0 0.0 0.0 0.0 
0.023322 0.0 0.0 0.0 0.0 0.0 0.0 0.0 0.0 0.0 0.0 0.0 
0.000000 1.0 0.0 0.0 0.0 0.0 0.0 0.0 0.0 0.0 0.0 0.0 
0.000000 0.0 1.0 0.0 0.0 0.0 0.0 0.0 0.0 0.0 0.0 0.0 
0.000000 0.0 0.0 1.0 0.0 0.0 0.0 0.0 0.0 0.0 0.0 0.0 
0.000000 0.0 0.0 0.0 1.0 0.0 0.0 0.0 0.0 0.0 0.0 0.0 
0.000000 0.0 0.0 0.0 0.0 1.0 0.0 0.0 0.0 0.0 0.0 0.0 
0.000000 0.0 0.0 0.0 0.0 0.0 1.0 0.0 0.0 0.0 0.0 0.0 
0.000000 0.0 0.0 0.0 0.0 0.0 0.0 1.0 0.0 0.0 0.0 0.0 
0.000000 0.0 0.0 0.0 0.0 0.0 0.0 0.0 1.0 0.0 0.0 0.0 
0.000000 0.0 0.0 0.0 0.0 0.0 0.0 0.0 0.0 1.0 0.0 0.0 
0.000000 0.0 0.0 0.0 0.0 0.0 0.0 0.0 0.0 0.0 1.0 0.0 
0.000000 0.0 0.0 0.0 0.0 0.0 0.0 0.0 0.0 0.0 0.0 1.0

         0.825300     0.437300     0.231700     0.122800     0.065000     0.034500     34.914700     15.004700     6.448300     2.771200     

1.0 0.0 0.0 0.0 0.0 0.0 0.0 0.0 0.0 0.0 
0.0 1.0 0.0 0.0 0.0 0.0 0.0 0.0 0.0 0.0 
0.0 0.0 1.0 0.0 0.0 0.0 0.0 0.0 0.0 0.0 
0.0 0.0 0.0 1.0 0.0 0.0 0.0 0.0 0.0 0.0 
0.0 0.0 0.0 0.0 1.0 0.0 0.0 0.0 0.0 0.0 
0.0 0.0 0.0 0.0 0.0 1.0 0.0 0.0 0.0 0.0 
0.0 0.0 0.0 0.0 0.0 0.0 1.0 0.0 0.0 0.0 
0.0 0.0 0.0 0.0 0.0 0.0 0.0 1.0 0.0 0.0 
0.0 0.0 0.0 0.0 0.0 0.0 0.0 0.0 1.0 0.0 
0.0 0.0 0.0 0.0 0.0 0.0 0.0 0.0 0.0 1.0 

         0.679100  0.358800  0.189500  0.100100  0.052900  23.047600  8.994200  3.509900  

 1.0 0.0 0.0 0.0 0.0 0.0 0.0 0.0 
 0.0 1.0 0.0 0.0 0.0 0.0 0.0 0.0 
 0.0 0.0 1.0 0.0 0.0 0.0 0.0 0.0 
 0.0 0.0 0.0 1.0 0.0 0.0 0.0 0.0 
 0.0 0.0 0.0 0.0 1.0 0.0 0.0 0.0 
 0.0 0.0 0.0 0.0 0.0 1.0 0.0 0.0 
 0.0 0.0 0.0 0.0 0.0 0.0 1.0 0.0 
 0.0 0.0 0.0 0.0 0.0 0.0 0.0 1.0 

         0.419900   0.230900   0.127000   0.069900   15.913400   5.499300   

 1.0 0.0 0.0 0.0 0.0 0.0 
 0.0 1.0 0.0 0.0 0.0 0.0 
 0.0 0.0 1.0 0.0 0.0 0.0 
 0.0 0.0 0.0 1.0 0.0 0.0 
 0.0 0.0 0.0 0.0 1.0 0.0 
 0.0 0.0 0.0 0.0 0.0 1.0 

         0.337100    0.183500    0.099900    10.203500    

 1.0 0.0 0.0 0.0 
 0.0 1.0 0.0 0.0 
 0.0 0.0 1.0 0.0 
 0.0 0.0 0.0 1.0 

         0.292700    0.146200    

 1.0 0.0 
 0.0 1.0 

